     EPOCH     gpu_mem     box       obj       cls     total   targets  img_size         P         R     mAP@.5  mAP@.5-.95 val_loss(box, obj, cls)
                                                                                 precision    recall    mAP_0.5  mAP_0.5:0/95  box    object    class
                                                                                    ìKçáó¶    çƒåªó¶   ï°êîclassïΩãœìKçáó¶    loss     loss     loss
-----------------------------------------------------------------------------------------------------------------------------------------------------
     0/299     3.81G   0.06137   0.02314   0.05899    0.1435         7      1280         0         0 0.0009165 0.0001907   0.04028    0.0164    0.0456
     1/299     7.38G   0.05249   0.02003   0.05658    0.1291         9      1280         0         0  0.001736 0.0004825   0.03712   0.01393   0.04256
     2/299     7.38G   0.05061   0.01904   0.05593    0.1256         5      1280         0         0  0.003223   0.00121   0.03587   0.01319   0.04141
     3/299     7.38G   0.05028   0.01879   0.05605    0.1251         4      1280      0.05  0.001667  0.003563  0.001009   0.03449   0.01302   0.04081
     4/299     7.38G    0.0495    0.0192    0.0562    0.1249        20      1280         0         0  0.004293   0.00109   0.03502   0.01228   0.04015
     5/299     7.38G   0.04828   0.01886   0.05542    0.1226         7      1280     0.075  0.001928   0.01049  0.002571    0.0316   0.01232   0.03921
     6/299     7.38G   0.04607   0.01814   0.05365    0.1178         4      1280     0.025  0.001136   0.01147   0.00308   0.03189   0.01236   0.03884
     7/299     7.38G   0.04539   0.01823   0.05462    0.1182         7      1280         0         0   0.01448  0.004063   0.02971   0.01237     0.039
     8/299     7.38G   0.04367   0.01858   0.05402    0.1163        13      1280         0         0   0.01129  0.002507   0.02922   0.01211   0.03965
     9/299     7.38G   0.04161   0.01859   0.05441    0.1146         8      1280     0.025 0.0006757   0.01944  0.007774     0.026   0.01313   0.03826
    10/299     7.38G   0.03878   0.01892   0.05392    0.1116         6      1280   0.02718  0.006084   0.01558  0.004764   0.02627   0.01291   0.03852
    11/299     7.38G   0.03657   0.01872   0.05295    0.1082        13      1280   0.03103   0.01146   0.03434    0.0121   0.02427   0.01295   0.03783
    12/299     7.38G   0.03527   0.01872   0.05285    0.1068        10      1280    0.1045   0.03742   0.04457   0.01882    0.0232   0.01346   0.03787
    13/299     7.38G   0.03481   0.01886   0.05342    0.1071        11      1280   0.02763   0.03693   0.03785    0.0147   0.02292   0.01333   0.03673
    14/299     7.38G   0.03342   0.01868   0.05265    0.1047        10      1280   0.05319   0.03137    0.0423   0.01899   0.02235   0.01275   0.03635
    15/299     7.38G   0.03186   0.01772   0.05208    0.1017         6      1280    0.0826   0.03303    0.0639   0.02795   0.02194   0.01272   0.03632
    16/299     7.38G   0.03062   0.01733    0.0501   0.09804         7      1280    0.1651   0.03908   0.06602   0.02858   0.02052   0.01249   0.03616
    17/299     7.38G   0.03052    0.0176   0.05082   0.09894        13      1280     0.152   0.04446   0.09331   0.04307      0.02   0.01175   0.03513
    18/299     7.38G   0.02991   0.01763   0.04956    0.0971         8      1280    0.1983   0.06633   0.09518    0.0449   0.02005   0.01307   0.03527
    19/299     7.38G   0.02907   0.01734   0.04921   0.09562        11      1280    0.1676    0.0608    0.1091   0.04885   0.01955   0.01199    0.0342
    20/299     7.38G   0.02946   0.01732   0.04958   0.09637        14      1280    0.1939   0.06253    0.1077   0.04582    0.0195   0.01138   0.03379
    21/299     7.38G   0.02864   0.01763   0.04874   0.09501        15      1280     0.213   0.08187    0.1361   0.06568   0.01828   0.01138   0.03329
    22/299     7.38G   0.02767   0.01682   0.04734   0.09184         8      1280    0.1977   0.08211    0.1404   0.07338   0.01844    0.0114   0.03273
    23/299     7.38G   0.02787   0.01662   0.04727   0.09176        10      1280    0.2396    0.1058    0.1569   0.08177   0.01843   0.01139   0.03237
    24/299     7.38G   0.02839   0.01729   0.04841   0.09409        15      1280    0.1839    0.1312    0.1371   0.07502   0.01863   0.01255   0.03163
    25/299     7.38G   0.02699   0.01637   0.04676   0.09012         7      1280    0.2063    0.1621    0.1679   0.07796   0.01803   0.01235    0.0316
    26/299     7.38G   0.02711   0.01715   0.04654    0.0908        21      1280    0.2358    0.1631     0.171   0.08651    0.0177   0.01218   0.03118
    27/299     7.38G   0.02707   0.01655   0.04631   0.08993         6      1280     0.195      0.14    0.1739   0.09403   0.01781   0.01105   0.03053
    28/299     7.38G   0.02692   0.01697    0.0459   0.08979        10      1280    0.2703    0.1687    0.1954   0.09538   0.01909   0.01117   0.02962
    29/299     7.38G    0.0266    0.0171   0.04564   0.08933        13      1280    0.2099    0.1307    0.1847   0.09337   0.01811   0.01119   0.02981
    30/299     7.38G   0.02561   0.01605   0.04367   0.08534         8      1280    0.2889     0.168    0.2237    0.1185   0.01806    0.0113    0.0286
    31/299     7.38G   0.02511   0.01547   0.04334   0.08392         6      1280    0.2554    0.2016    0.2168    0.1103   0.01713   0.01199   0.02901
    32/299     7.38G   0.02598   0.01581   0.04378   0.08557         8      1280    0.2598    0.2105    0.2068    0.1099   0.01791   0.01191   0.02888
    33/299     7.38G   0.02516   0.01561   0.04294   0.08371         6      1280    0.3137    0.2142    0.2307    0.1149   0.01736   0.01146   0.02879
    34/299     7.38G   0.02553   0.01608   0.04331   0.08493        14      1280    0.2544    0.2184    0.2462    0.1296   0.01751   0.01139   0.02757
    35/299     7.38G   0.02538   0.01572   0.04288   0.08399         9      1280    0.3429    0.2574    0.2782    0.1501   0.01748   0.01138   0.02686
    36/299     7.38G   0.02546   0.01559   0.04283   0.08389         8      1280    0.3362    0.2858    0.2774    0.1355   0.01812   0.01153   0.02684
    37/299     7.38G   0.02437   0.01551   0.04136   0.08124         4      1280    0.3007    0.2408    0.2704    0.1426   0.01679    0.0109   0.02659
    38/299     7.38G   0.02491   0.01595   0.04177   0.08263         1      1280    0.3927    0.2594    0.3024    0.1518   0.01742   0.01103   0.02583
    39/299     7.38G   0.02434   0.01531   0.04023   0.07989        14      1280    0.3706    0.3095    0.3191    0.1805   0.01609   0.01096   0.02567
    40/299     7.38G   0.02412   0.01503    0.0399   0.07904         7      1280    0.4214    0.2736    0.3113    0.1643   0.01692   0.01071   0.02524
    41/299     7.38G   0.02429   0.01548   0.04057   0.08033         7      1280    0.3267    0.3116    0.3119    0.1744   0.01664   0.01115   0.02519
    42/299     7.38G   0.02415   0.01494    0.0396   0.07868         1      1280    0.4226    0.2591    0.3127    0.1756   0.01655   0.01048   0.02549
    43/299     7.38G   0.02477   0.01546   0.03967   0.07991         5      1280    0.3861     0.347    0.3388    0.1908   0.01632   0.01087   0.02468
    44/299     7.38G   0.02439   0.01498   0.03956   0.07893         7      1280    0.4263    0.3059     0.334    0.1795   0.01659   0.01071   0.02422
    45/299     7.38G   0.02397   0.01505   0.03862   0.07764         3      1280    0.4281    0.3447    0.3618    0.1981   0.01681    0.0102   0.02359
    46/299     7.38G   0.02402   0.01517   0.03849   0.07768        13      1280    0.3927    0.3454    0.3493    0.2025   0.01612   0.01031   0.02357
    47/299     7.38G   0.02449     0.015   0.03765   0.07713         4      1280    0.4028    0.3704    0.3655     0.201   0.01708   0.01027   0.02264
    48/299     7.38G   0.02434   0.01526    0.0379    0.0775         7      1280     0.389    0.3778    0.3571    0.2008   0.01627   0.01128   0.02326
    49/299     7.38G   0.02385   0.01495   0.03738   0.07619         3      1280     0.377     0.396    0.3725    0.2074    0.0163   0.01085    0.0225
    50/299     7.38G   0.02332   0.01449   0.03632   0.07414         7      1280    0.3724    0.3903    0.3751    0.1952    0.0172   0.01049   0.02248
    51/299     7.38G   0.02389   0.01497   0.03648   0.07534         3      1280    0.3824    0.4165     0.386    0.2103   0.01686   0.01068   0.02179
    52/299     7.38G   0.02342   0.01462   0.03595   0.07399         4      1280     0.441    0.4101    0.3962    0.2114   0.01775   0.01067    0.0221
    53/299     7.38G   0.02427   0.01503   0.03615   0.07545        11      1280    0.4282    0.4352    0.4032    0.2339   0.01601   0.01078   0.02152
    54/299     7.38G   0.02399   0.01477   0.03548   0.07424         4      1280    0.4472    0.4135    0.4021    0.2148   0.01698   0.01016   0.02173
    55/299     7.38G   0.02401    0.0147   0.03583   0.07453         5      1280    0.4337    0.4289    0.4257    0.2456   0.01602   0.01002   0.02083
    56/299     7.38G   0.02304    0.0142   0.03482   0.07206        12      1280    0.4339    0.4084    0.4089    0.2364    0.0165   0.01026   0.02101
    57/299     7.38G   0.02302   0.01466   0.03418   0.07185         8      1280    0.4064     0.468    0.4275    0.2351   0.01661   0.01022   0.02081
    58/299     7.38G   0.02286   0.01447   0.03379   0.07111        20      1280    0.4503    0.4776    0.4719     0.273   0.01582   0.01014   0.02032
    59/299     7.38G   0.02327   0.01489   0.03297   0.07113         3      1280    0.4442    0.4492    0.4376      0.25   0.01639   0.01038   0.02007
    60/299     7.38G   0.02305   0.01479   0.03343   0.07127         5      1280    0.4424    0.4928    0.4731    0.2622   0.01594   0.01016   0.01973
    61/299     7.38G   0.02262   0.01382   0.03256   0.06901        14      1280    0.4901    0.4551    0.4505    0.2594   0.01555   0.01028   0.02074
    62/299     7.38G   0.02304   0.01456   0.03285   0.07044         6      1280    0.4521    0.4761    0.4664    0.2507   0.01625   0.01033   0.01981
    63/299     7.38G   0.02248   0.01447   0.03226   0.06921         7      1280    0.4632    0.5344    0.5009    0.2878   0.01583   0.01041   0.01923
    64/299     7.38G   0.02301   0.01403   0.03221   0.06925         6      1280    0.4507    0.5218    0.4722    0.2653   0.01597   0.01018   0.01928
    65/299     7.38G   0.02304   0.01457   0.03172   0.06933         7      1280    0.4797    0.5339    0.5029    0.2797    0.0164   0.01002   0.01881
    66/299     7.38G   0.02167   0.01416   0.03153   0.06736        15      1280    0.4727    0.5498    0.5256    0.3028   0.01557   0.01028   0.01789
    67/299     7.38G   0.02239   0.01406    0.0308   0.06725         7      1280    0.4685    0.5621    0.5302     0.309   0.01536   0.01065   0.01789
    68/299     7.38G   0.02235   0.01382   0.03106   0.06724        12      1280    0.4579    0.5545     0.522    0.2991   0.01575  0.009973   0.01797
    69/299     7.38G   0.02166   0.01411   0.03021   0.06599         4      1280    0.4879    0.5457    0.5367    0.3135   0.01575  0.009971   0.01726
    70/299     7.38G   0.02307   0.01431   0.03052    0.0679         4      1280    0.5049    0.5452    0.5274    0.3105   0.01572   0.01021   0.01773
    71/299     7.38G   0.02257   0.01422   0.03097   0.06775         8      1280    0.5006    0.5742    0.5444    0.3223   0.01514   0.01008   0.01745
    72/299     7.38G    0.0219   0.01438   0.03074   0.06702        10      1280    0.4767    0.5382    0.5066    0.2961   0.01571   0.01065   0.01724
    73/299     7.38G   0.02318   0.01437    0.0307   0.06826        11      1280    0.4763    0.5802    0.5574    0.3274   0.01566    0.0105   0.01677
    74/299     7.38G   0.02202   0.01393   0.02976   0.06572         9      1280    0.5038    0.5697    0.5614    0.3213   0.01557  0.009893   0.01673
    75/299     7.38G   0.02244   0.01405   0.02925   0.06574        14      1280    0.5158    0.5276    0.5207    0.3009   0.01634    0.0102   0.01743
    76/299     7.38G   0.02178   0.01385   0.02869   0.06431         1      1280    0.5332    0.5903    0.5828     0.342   0.01536  0.009762   0.01608
    77/299     7.38G   0.02156   0.01356   0.02745   0.06257        19      1280    0.5467    0.5907     0.574      0.34    0.0156      0.01   0.01585
    78/299     7.38G   0.02161   0.01321   0.02813   0.06294         8      1280    0.5329    0.5834     0.569    0.3194   0.01637  0.009579   0.01568
    79/299     7.38G   0.02214   0.01376   0.02875   0.06465        16      1280    0.5296    0.5975    0.5714    0.3283   0.01549  0.009922   0.01572
    80/299     7.38G   0.02116   0.01346   0.02798   0.06261         7      1280    0.5043    0.6139    0.5931    0.3536   0.01522   0.01025   0.01534
    81/299     7.38G   0.02245   0.01398   0.02833   0.06476        12      1280    0.5319    0.6212    0.5994    0.3441   0.01517  0.009869   0.01526
    82/299     7.38G    0.0218   0.01359   0.02749   0.06288         0      1280    0.4991    0.6027    0.5791     0.334   0.01545   0.01038   0.01636
    83/299     7.38G   0.02149   0.01362   0.02724   0.06236         8      1280    0.5491     0.601    0.5954    0.3393   0.01572    0.0099   0.01516
    84/299     7.38G   0.02224   0.01414   0.02746   0.06384        10      1280    0.5765    0.6184    0.6143    0.3651   0.01469  0.009336   0.01529
    85/299     7.38G   0.02176   0.01368   0.02769   0.06314         6      1280    0.5328    0.6119    0.5994    0.3582   0.01474   0.00967   0.01521
    86/299     7.38G   0.02154    0.0134   0.02676   0.06171         4      1280    0.5514    0.6205    0.6128    0.3678   0.01464  0.009862   0.01476
    87/299     7.38G   0.02091    0.0138   0.02623   0.06094        13      1280    0.5361    0.6117    0.6117    0.3643   0.01527  0.009511   0.01567
    88/299     7.38G    0.0211    0.0136   0.02568   0.06038         2      1280    0.5116    0.6546    0.6326    0.3691   0.01511   0.00978   0.01407
    89/299     7.38G   0.02142   0.01366   0.02572    0.0608         5      1280     0.547    0.6448    0.6294     0.371   0.01492  0.009266   0.01451
    90/299     7.38G   0.02114   0.01331   0.02605   0.06051        12      1280    0.5601    0.6203    0.6161    0.3571   0.01541  0.009425   0.01514
    91/299     7.38G   0.02147   0.01352   0.02641    0.0614        15      1280    0.5304    0.6493    0.6192    0.3664   0.01491  0.009905   0.01484
    92/299     7.38G   0.02104   0.01295   0.02512   0.05912         6      1280    0.5429    0.6431    0.6179    0.3651   0.01522  0.009893   0.01435
    93/299     7.38G   0.02114   0.01333   0.02559   0.06006         4      1280     0.552    0.6514    0.6419    0.3886   0.01485  0.009674   0.01388
    94/299     7.38G   0.02081   0.01334   0.02503   0.05918        12      1280    0.5429    0.6392    0.6245    0.3696   0.01538  0.009602   0.01412
    95/299     7.38G   0.02081   0.01317   0.02499   0.05897         6      1280    0.5132    0.6575    0.6271    0.3721   0.01502  0.009684   0.01356
    96/299     7.38G   0.02086   0.01339   0.02514   0.05939        10      1280     0.518    0.6487     0.643    0.3833    0.0149  0.009707   0.01373
    97/299     7.38G   0.02114   0.01316   0.02449   0.05879         6      1280    0.5416    0.6491    0.6336    0.3757   0.01502  0.009598   0.01372
    98/299     7.38G    0.0202   0.01302   0.02444   0.05766         3      1280    0.5633    0.6482    0.6362    0.3788     0.015  0.009903   0.01387
    99/299     7.38G   0.02049   0.01315   0.02417   0.05781        10      1280    0.5413    0.6626    0.6435    0.3942   0.01452  0.009675   0.01358
   100/299     7.38G    0.0205    0.0131   0.02409   0.05768         1      1280    0.5311    0.6699    0.6399    0.3845   0.01468  0.009647   0.01386
   101/299     7.38G    0.0207    0.0127   0.02362   0.05702        13      1280    0.5816    0.6472    0.6422    0.3825   0.01464  0.009485   0.01355
   102/299     7.38G   0.02082   0.01326   0.02368   0.05776         3      1280     0.544    0.6712    0.6329    0.3779   0.01516   0.00976   0.01384
   103/299     7.38G   0.02066   0.01347   0.02324   0.05737         7      1280    0.5402    0.6616     0.642    0.3856   0.01499  0.009856   0.01288
   104/299     7.38G   0.02125   0.01305   0.02366   0.05796        13      1280    0.5494    0.6831    0.6597     0.394   0.01426  0.009924   0.01349
   105/299     7.38G   0.02029   0.01294   0.02244   0.05567        11      1280    0.5514    0.6826    0.6645    0.3948   0.01508  0.009631   0.01326
   106/299     7.38G   0.02021   0.01284   0.02277   0.05582         6      1280    0.5572    0.6807     0.652    0.3913   0.01484  0.009711   0.01334
   107/299     7.38G   0.02041   0.01282   0.02199   0.05521         8      1280    0.5829    0.6826    0.6644    0.3938   0.01497  0.009316   0.01302
   108/299     7.38G   0.02028   0.01279   0.02212   0.05518         7      1280     0.546    0.6859    0.6684    0.4046   0.01448  0.009572   0.01306
   109/299     7.38G   0.02029   0.01291   0.02241   0.05562         5      1280    0.5573    0.6937    0.6692    0.4036   0.01493  0.009509   0.01228
   110/299     7.38G   0.02003   0.01261   0.02213   0.05477         6      1280    0.5825    0.6921    0.6814    0.4079   0.01488  0.009449   0.01203
   111/299     7.38G   0.02026   0.01328   0.02172   0.05526         7      1280    0.5543    0.7126    0.6907    0.4232   0.01429  0.009905   0.01184
   112/299     7.38G   0.01968   0.01253   0.02244   0.05464         8      1280    0.5309    0.6821    0.6595     0.396   0.01483  0.009677   0.01277
   113/299     7.38G   0.02046   0.01319   0.02213   0.05578         8      1280    0.5699     0.684    0.6768    0.4129   0.01429  0.009545   0.01251
   114/299     7.38G   0.01947   0.01287   0.02228   0.05462         0      1280    0.5647    0.6891    0.6707    0.3975    0.0151  0.009576   0.01264
   115/299     7.38G   0.02025   0.01277   0.02215   0.05517         6      1280    0.5871    0.6912    0.6795    0.4123   0.01448  0.009853   0.01229
   116/299     7.38G   0.01993   0.01308   0.02168   0.05469        13      1280    0.5857    0.7053    0.6896    0.4188     0.014  0.009519   0.01257
   117/299     7.38G   0.02012   0.01295   0.02129   0.05435         1      1280    0.5651    0.7079    0.6831    0.4127   0.01452  0.009616   0.01206
   118/299     7.38G   0.02029   0.01231   0.02138   0.05397         9      1280    0.5708     0.679    0.6694    0.4098   0.01411  0.009588   0.01244
   119/299     7.38G    0.0203   0.01326   0.02065    0.0542        10      1280    0.5534    0.7017    0.6727    0.4127   0.01459  0.009686   0.01234
   120/299     7.38G   0.01934   0.01255   0.01991    0.0518        17      1280    0.5703    0.6972    0.6887    0.4204   0.01416  0.009764   0.01231
   121/299     7.38G   0.01953   0.01262    0.0201   0.05225        10      1280    0.5845    0.6932    0.6836    0.4201   0.01421  0.009254   0.01257
   122/299     7.38G   0.01957   0.01255   0.02059   0.05271         6      1280    0.5953    0.7265    0.7071    0.4324   0.01399  0.009607   0.01189
   123/299     7.38G   0.01968   0.01293   0.02084   0.05345         8      1280    0.6027    0.6913    0.6924    0.4256   0.01399  0.009506   0.01196
   124/299     7.38G   0.02021   0.01287   0.02054   0.05362        16      1280    0.5765    0.7044    0.6964    0.4207   0.01435  0.009561   0.01184
   125/299     7.38G   0.01985   0.01245   0.02066   0.05295        13      1280    0.5803    0.7116    0.6916    0.4207   0.01443  0.009409   0.01244
   126/299     7.38G   0.01938   0.01254   0.01968    0.0516         5      1280    0.5974    0.6803    0.6791    0.4172    0.0142  0.009347   0.01269
   127/299     7.38G   0.01888    0.0125   0.01868   0.05006        23      1280    0.5979    0.7185     0.704    0.4388   0.01365   0.00931    0.0113
   128/299     7.38G   0.01987   0.01294   0.02005   0.05286         8      1280    0.5989    0.7203    0.6997    0.4347   0.01387  0.009565   0.01164
   129/299     7.38G   0.01935   0.01249   0.01863   0.05047        16      1280    0.5838    0.7358    0.7155     0.449   0.01404  0.009697   0.01144
   130/299     7.38G   0.01894   0.01267   0.01929   0.05091         5      1280    0.5911    0.7283     0.709    0.4407   0.01409  0.009348   0.01129
   131/299     7.38G   0.01914   0.01245     0.019   0.05059         1      1280    0.5888    0.7228    0.7035    0.4335   0.01415   0.00987   0.01107
   132/299     7.38G   0.01879   0.01234    0.0187   0.04983         8      1280     0.559    0.7241    0.7068      0.44   0.01409  0.009623   0.01113
   133/299     7.38G   0.01947   0.01227   0.01913   0.05088         3      1280    0.5916    0.7249    0.7072    0.4305   0.01412  0.009315   0.01125
   134/299     7.38G   0.01846   0.01206   0.01928    0.0498         4      1280    0.5942    0.7368    0.7097    0.4373   0.01383  0.009609   0.01123
   135/299     7.38G   0.01887   0.01235   0.01923   0.05045        12      1280     0.599    0.7265     0.712    0.4426   0.01401  0.009623    0.0109
   136/299     7.38G   0.01931    0.0121   0.01912   0.05053         1      1280    0.5818     0.712    0.7024    0.4333   0.01414  0.009985   0.01104
   137/299     7.38G     0.019   0.01258   0.01817   0.04975        12      1280    0.5857    0.7429    0.7268    0.4565   0.01376  0.009459   0.01065
   138/299     7.38G   0.01954   0.01254   0.01847   0.05055         9      1280    0.6035    0.7337     0.719    0.4554   0.01363  0.009327   0.01077
   139/299     7.38G   0.01911   0.01222    0.0179   0.04924        13      1280    0.5913    0.7137    0.7043     0.446    0.0137  0.009981   0.01224
   140/299     7.38G   0.01883   0.01261   0.01791   0.04935        11      1280    0.6042    0.7595    0.7408    0.4679   0.01365  0.009153   0.01087
   141/299     7.38G   0.01874   0.01169   0.01735   0.04778        11      1280    0.6096    0.7438     0.731    0.4642   0.01357  0.008906   0.01052
   142/299     7.38G   0.01883   0.01239   0.01772   0.04894        13      1280    0.5781     0.753    0.7292    0.4679   0.01347  0.009469   0.01008
   143/299     7.38G   0.01832   0.01204   0.01783   0.04818         1      1280    0.6229     0.721    0.7166    0.4518    0.0139  0.009578   0.01103
   144/299     7.38G   0.01882   0.01215   0.01802   0.04899        21      1280    0.6011    0.7445    0.7224    0.4568   0.01373  0.009409   0.01069
   145/299     7.38G   0.01898   0.01235   0.01821   0.04954         4      1280    0.6108    0.7312    0.7272    0.4612   0.01338  0.009523   0.01104
   146/299     7.38G   0.01866   0.01221   0.01744   0.04831         5      1280    0.5957    0.7423     0.726    0.4588   0.01348  0.009714   0.01065
   147/299     7.38G   0.01865   0.01212   0.01719   0.04796         9      1280    0.5948    0.7469    0.7238    0.4579   0.01356      0.01   0.01112
   148/299     7.38G   0.01914   0.01235   0.01812   0.04961        16      1280    0.6059    0.7348    0.7303    0.4626   0.01357  0.009335   0.01056
   149/299     7.38G   0.01871   0.01206   0.01726   0.04803         5      1280    0.5638    0.7663    0.7372    0.4695   0.01348  0.009702   0.01035
   150/299     7.38G   0.01891   0.01214   0.01726   0.04831         4      1280    0.6237    0.7345    0.7186    0.4664   0.01329  0.009632   0.01108
   151/299     7.38G   0.01833   0.01198   0.01724   0.04755        12      1280    0.6016    0.7579    0.7398    0.4641   0.01345  0.009503   0.01048
   152/299     7.38G   0.01883   0.01214   0.01676   0.04773         2      1280    0.6001     0.769    0.7421     0.459   0.01364  0.009329   0.01024
   153/299     7.38G   0.01814   0.01186   0.01664   0.04664         5      1280    0.6104    0.7399    0.7269    0.4552   0.01403  0.009522   0.01052
   154/299     7.38G   0.01776   0.01174   0.01624   0.04575         1      1280      0.62    0.7521    0.7454    0.4722   0.01348  0.009101    0.0106
   155/299     7.38G   0.01792   0.01176   0.01627   0.04595        14      1280     0.603    0.7751    0.7531    0.4808    0.0132  0.009101   0.01006
   156/299     7.38G   0.01826    0.0118   0.01648   0.04654        12      1280    0.5969    0.7458    0.7359    0.4719   0.01326  0.009174   0.01029
   157/299     7.38G   0.01812   0.01196   0.01606   0.04615         3      1280    0.6096    0.7554    0.7407    0.4745   0.01335  0.009232   0.01008
   158/299     7.38G   0.01785   0.01167   0.01597   0.04549         5      1280    0.5948    0.7594    0.7358    0.4712   0.01316  0.009615   0.01013
   159/299     7.38G   0.01803    0.0119   0.01616   0.04609         7      1280    0.6042    0.7564    0.7371    0.4725   0.01301   0.00958   0.01031
   160/299     7.38G   0.01784   0.01161   0.01608   0.04553        10      1280    0.6077    0.7528    0.7377    0.4693   0.01315  0.009629   0.01015
   161/299     7.38G   0.01821   0.01143   0.01563   0.04527        18      1280     0.614    0.7654    0.7367     0.466   0.01348  0.009408   0.01099
   162/299     7.38G   0.01809   0.01172   0.01579    0.0456         5      1280    0.6155    0.7381    0.7224    0.4586   0.01347  0.009213   0.01088
   163/299     7.38G   0.01763   0.01151   0.01604   0.04518         7      1280    0.5916     0.761    0.7497    0.4824   0.01324   0.00946  0.009962
   164/299     7.38G    0.0177   0.01145   0.01497   0.04412         8      1280    0.6024    0.7604     0.747    0.4723   0.01335  0.009134  0.009981
   165/299     7.38G   0.01793   0.01176   0.01551   0.04519         4      1280     0.586    0.7626    0.7426    0.4769   0.01338  0.009136   0.01029
   166/299     7.38G   0.01749   0.01189   0.01562     0.045         3      1280    0.6133    0.7534    0.7372    0.4688   0.01341   0.00941   0.01003
   167/299     7.38G   0.01729   0.01129   0.01547   0.04405         3      1280    0.6012    0.7596    0.7471    0.4775   0.01324   0.00951  0.009885
   168/299     7.38G   0.01717   0.01149   0.01543   0.04409         5      1280    0.5946    0.7547    0.7324    0.4659   0.01356  0.009531   0.01042
   169/299     7.38G   0.01775   0.01155    0.0157   0.04501         1      1280    0.6345    0.7508    0.7404    0.4821   0.01302  0.008946   0.01042
   170/299     7.38G   0.01828   0.01175   0.01549   0.04552         5      1280    0.6227    0.7468    0.7459    0.4769   0.01338  0.009138   0.01031
   171/299     7.38G   0.01761   0.01161   0.01513   0.04435        10      1280    0.6124    0.7474    0.7362    0.4739   0.01334  0.009378   0.01075
   172/299     7.38G   0.01727   0.01146   0.01438   0.04311         2      1280    0.6208    0.7528     0.736    0.4711   0.01324  0.009213   0.01073
   173/299     7.38G    0.0173   0.01155   0.01445    0.0433         3      1280    0.6044    0.7607    0.7428    0.4764   0.01312  0.009323   0.00977
   174/299     7.38G    0.0174   0.01166   0.01398   0.04305         7      1280    0.6039    0.7765    0.7497    0.4756   0.01319  0.009592   0.01004
   175/299     7.38G   0.01749   0.01137   0.01448   0.04334        13      1280    0.5694    0.7776    0.7493    0.4748    0.0132  0.009804  0.009805
   176/299     7.38G   0.01733   0.01141   0.01506    0.0438         9      1280    0.5855    0.7695    0.7479    0.4799   0.01331  0.009689  0.009789
   177/299     7.38G    0.0175   0.01174   0.01487   0.04411        14      1280     0.608     0.767    0.7462    0.4839   0.01306  0.009258  0.009786
   178/299     7.38G   0.01745    0.0111   0.01391   0.04246         3      1280    0.6121    0.7602    0.7427    0.4764   0.01325  0.009602  0.009896
   179/299     7.38G    0.0169   0.01132    0.0145   0.04272        16      1280    0.6311    0.7541    0.7511    0.4882     0.013  0.009356  0.009802
   180/299     7.38G   0.01762   0.01154   0.01449   0.04365         5      1280     0.583     0.755    0.7352    0.4773   0.01305  0.009845   0.01014
   181/299     7.38G    0.0167   0.01109   0.01434   0.04213         2      1280    0.5836    0.7677    0.7497    0.4855   0.01301  0.009731  0.009376
   182/299     7.38G   0.01699   0.01118   0.01382   0.04198         6      1280    0.6063    0.7618    0.7456    0.4769   0.01339  0.009873  0.009674
   183/299     7.38G   0.01722   0.01102   0.01444   0.04268         6      1280    0.6089    0.7722    0.7566     0.484   0.01327  0.009571   0.00934
   184/299     7.38G    0.0168   0.01091   0.01409    0.0418        11      1280    0.6044    0.7711    0.7489    0.4773   0.01343  0.009523  0.009492
   185/299     7.38G   0.01644    0.0108   0.01358   0.04083        10      1280    0.6412    0.7546    0.7461    0.4789   0.01315  0.009227  0.009882
   186/299     7.38G   0.01718   0.01099   0.01393    0.0421        18      1280    0.6295    0.7675    0.7501    0.4809   0.01314  0.009404  0.009646
   187/299     7.38G   0.01642   0.01102   0.01371   0.04116         3      1280    0.6235    0.7784    0.7566     0.494   0.01294  0.009516  0.009132
   188/299     7.38G   0.01661   0.01074   0.01401   0.04135        15      1280    0.6501    0.7572     0.754    0.4937   0.01307  0.009501   0.01024
   189/299     7.38G   0.01641   0.01121   0.01406   0.04168         2      1280    0.6277    0.7684     0.753    0.4999   0.01273  0.009473   0.01046
   190/299     7.38G   0.01653   0.01066    0.0139   0.04109         8      1280    0.6207    0.7746     0.758     0.494   0.01279   0.00968  0.009772
   191/299     7.38G   0.01666   0.01149   0.01342   0.04157         6      1280    0.6195    0.7777    0.7574    0.4982   0.01263  0.009389   0.00989
   192/299     7.38G    0.0168    0.0109   0.01378   0.04148         3      1280    0.6238    0.7535    0.7489    0.4844   0.01293  0.009249   0.01066
   193/299     7.38G   0.01627   0.01102   0.01353   0.04081        12      1280    0.6174    0.7689    0.7456    0.4884   0.01282  0.009548  0.009891
   194/299     7.38G   0.01631   0.01077   0.01325   0.04033         5      1280    0.6246    0.7647    0.7494    0.4886   0.01276  0.009589   0.01006
   195/299     7.38G   0.01604   0.01056   0.01232   0.03892         2      1280    0.6433    0.7693    0.7565     0.494   0.01273  0.009387   0.00992
   196/299     7.38G   0.01623   0.01096   0.01307   0.04027         2      1280    0.6438    0.7632    0.7582    0.4928   0.01285  0.009556   0.01002
   197/299     7.38G   0.01667   0.01092   0.01297   0.04056        13      1280    0.6167     0.778    0.7523    0.4882   0.01293  0.009655  0.009683
   198/299     7.38G   0.01669   0.01101   0.01398   0.04167        10      1280     0.616    0.7788    0.7597    0.4964   0.01278  0.009911  0.009854
   199/299     7.38G   0.01611   0.01103   0.01243   0.03957        15      1280      0.62    0.7769    0.7553    0.4992    0.0129  0.009529  0.009991
   200/299     7.38G   0.01642   0.01123   0.01327   0.04092         1      1280     0.621    0.7872     0.765     0.497   0.01296  0.009445  0.009567
   201/299     7.38G   0.01624   0.01067   0.01304   0.03995         6      1280    0.6176     0.791    0.7647    0.5007   0.01279  0.009703  0.009491
   202/299     7.38G   0.01595   0.01065    0.0126    0.0392         5      1280    0.6236    0.7886    0.7709    0.5021   0.01275  0.009922  0.009187
   203/299     7.38G   0.01616    0.0109   0.01304    0.0401         1      1280    0.6378    0.7856     0.764    0.4959   0.01287  0.009947  0.009549
   204/299     7.38G   0.01579   0.01061   0.01323   0.03963         8      1280    0.6352    0.7741    0.7624    0.5019   0.01265  0.009505  0.009814
   205/299     7.38G   0.01649   0.01118   0.01296   0.04063        11      1280    0.6243    0.7766    0.7626    0.5027   0.01261  0.009518  0.009962
   206/299     7.38G   0.01533   0.01034   0.01213    0.0378        12      1280     0.636    0.7763    0.7614    0.4948   0.01274  0.009723  0.009352
   207/299     7.38G   0.01581   0.01071   0.01294   0.03945         6      1280    0.6245    0.7858    0.7654    0.4942   0.01274  0.009646  0.009164
   208/299     7.38G   0.01578    0.0106   0.01203   0.03841         4      1280    0.6344    0.7784    0.7637    0.4953   0.01274  0.009418  0.009547
