     0/299     4.29G   0.09525    0.1161   0.09228    0.3036        23       480         0         0         0         0   0.07689   0.08943   0.08656
     1/299     5.66G   0.08566    0.1258   0.09141    0.3029         9       480         0         0         0         0   0.07481   0.09052   0.08635
     2/299     5.66G   0.08417    0.1287   0.09031    0.3032        14       480  0.002339   0.02072  0.004244  0.001037   0.07836   0.08735   0.09312
     3/299     5.66G   0.08384    0.1255   0.09022    0.2996        17       480  0.002377  0.003668  0.004391  0.001033   0.07679   0.08644   0.08902
     4/299     5.66G   0.08249     0.129   0.08957     0.301        40       480  0.003215  0.005448  0.006386  0.001737   0.07389   0.08731   0.08512
     5/299     5.66G   0.08052    0.1227   0.08896    0.2921        23       480  0.002186   0.00473   0.01038  0.002834   0.06975   0.09213   0.08427
     6/299     5.66G   0.07762    0.1273   0.08831    0.2932         9       480  0.001355  0.004487    0.0109  0.003217   0.07184   0.08794   0.08806
     7/299     5.66G    0.0763    0.1294   0.08764    0.2934        31       480      0.05  0.002003   0.01712  0.006417   0.07131   0.09497   0.08314
     8/299     5.66G   0.07336     0.126   0.08701    0.2864        32       480  0.003688   0.01755    0.0156  0.004618   0.06621   0.08859    0.0855
     9/299     5.66G   0.06933     0.127   0.08642    0.2828        28       480   0.03938   0.01242   0.02797   0.01018   0.05903   0.08903   0.08113
    10/299     5.66G   0.06542    0.1274   0.08582    0.2786        20       480   0.04485  0.003724   0.02596   0.01079   0.06461    0.0984   0.08115
    11/299     5.66G   0.06328    0.1257   0.08516    0.2741         6       480     0.025 0.0005682   0.02866   0.01082    0.0648   0.08921   0.08269
    12/299     5.66G     0.063    0.1259   0.08541    0.2743        27       480 0.0002734   0.03564   0.00349  0.001088    0.1209     2.296     1.935
    13/299     5.66G   0.06187    0.1252   0.08474    0.2718        20       480  0.005511  0.006256   0.03742   0.01268   0.06026   0.09441   0.07946
    14/299     5.66G    0.0595    0.1233   0.08388    0.2666        20       480   0.07205   0.02107   0.05071   0.02223   0.05322   0.08301   0.07888
    15/299     5.66G   0.05574    0.1232   0.08326    0.2622        14       480   0.01103   0.00707    0.0234  0.008091   0.06306    0.1084   0.08006
    16/299     5.66G   0.05503    0.1201   0.08273    0.2579        24       480   0.09451   0.04216   0.05757   0.02559   0.05565   0.08377    0.1084
    17/299     5.66G    0.0531    0.1187     0.082    0.2538        18       480   0.04262   0.04957   0.05906   0.02878   0.04542   0.08794   0.07737
    18/299     5.66G   0.05246    0.1194   0.08132    0.2532        43       480    0.1213   0.04502   0.07435   0.03486   0.04903   0.08535   0.07875
    19/299     5.66G   0.05204    0.1148   0.08056    0.2474        19       480    0.1198   0.09654    0.1145   0.06291   0.04241   0.07905    0.0755
    20/299     5.66G   0.05034    0.1187   0.07968    0.2487        24       480    0.1237   0.08004    0.1206   0.07018   0.04124   0.07646   0.07492
    21/299     5.66G   0.04914    0.1158   0.07905     0.244        40       480    0.1525   0.08836    0.1289   0.07283   0.04052   0.07605   0.07493
    22/299     5.66G   0.04829    0.1162   0.07844    0.2429        24       480    0.1698    0.1084    0.1373   0.08188    0.0405    0.0773   0.07356
    23/299     5.66G   0.04766    0.1106   0.07734    0.2356        15       480    0.1699   0.08735    0.1342   0.07541   0.03984   0.07337    0.0737
    24/299     5.66G   0.04701    0.1072   0.07662    0.2308        42       480    0.2058    0.1513     0.179     0.104   0.03743   0.07163    0.0709
    25/299     5.66G   0.04674    0.1094   0.07549    0.2316        38       480    0.2172    0.1574    0.1781   0.09731   0.03958   0.07268   0.07161
    26/299     5.66G   0.04538    0.1068   0.07512    0.2273        21       480    0.1759    0.1732    0.1744    0.1049   0.03799   0.07259   0.07104
    27/299     5.66G   0.04479    0.1054   0.07456    0.2248        37       480    0.2487    0.1961    0.1953    0.1138    0.0362   0.06967    0.0683
    28/299     5.66G   0.04549    0.1095   0.07342    0.2285        36       480    0.2578    0.2684    0.2362     0.144   0.03559   0.06803   0.06634
    29/299     5.66G   0.04391    0.1023   0.07214    0.2184        30       480    0.2441    0.2933    0.2382    0.1228   0.03711   0.06968   0.06473
    30/299     5.66G   0.04436    0.1056   0.07194    0.2219        24       480    0.2902    0.2744    0.2663    0.1579    0.0353   0.06738   0.06462
    31/299     5.66G   0.04372     0.102   0.07132     0.217        12       480    0.2795    0.2405    0.2531    0.1604   0.03447   0.06758   0.06548
    32/299     5.66G   0.04334    0.1024   0.06985    0.2156        18       480    0.2169    0.2868    0.2409    0.1323    0.0368   0.06837   0.06436
    33/299     5.66G   0.04252    0.1019    0.0697    0.2141        16       480    0.2607    0.2812    0.2736    0.1678   0.03493   0.06817   0.06218
    34/299     5.66G   0.04333     0.102    0.0685    0.2139        35       480    0.2444    0.2727    0.2233    0.1346   0.03807   0.07119   0.06791
    35/299     5.66G   0.04275    0.1029   0.06785    0.2135        32       480    0.3013    0.3257    0.3143    0.2084   0.03323   0.06645   0.06057
    36/299     5.66G   0.04133    0.1031   0.06737    0.2118        20       480    0.2952     0.309    0.2883    0.1823    0.0339   0.06869   0.06247
    37/299     5.66G   0.04179   0.09724   0.06629    0.2053        14       480    0.3415     0.343    0.3213    0.1992   0.03562   0.06921   0.06035
    38/299     5.66G   0.04136   0.09831   0.06622    0.2059        30       480    0.2996    0.4333    0.3478    0.2186   0.03316   0.06548   0.05857
    39/299     5.66G   0.04094   0.09784   0.06528    0.2041        29       480    0.3326    0.3592    0.3215    0.2039   0.03486   0.06721   0.06036
    40/299     5.66G   0.04114   0.09681   0.06511    0.2031        18       480     0.334     0.388    0.3559    0.2329   0.03342   0.06553   0.05899
    41/299     5.66G   0.04077   0.09899   0.06452    0.2043        30       480    0.3175    0.4103     0.366    0.2386   0.03216   0.06439   0.05774
    42/299     5.66G    0.0408   0.09476   0.06374    0.1993        29       480    0.3401    0.4597    0.3871    0.2571   0.03253   0.06394   0.05524
    43/299     5.66G   0.03969   0.09597   0.06274    0.1984        22       480    0.2734    0.4283    0.3547    0.2294    0.0325   0.06453   0.05808
    44/299     5.66G   0.04057   0.09442   0.06252    0.1975        21       480    0.3004    0.4219    0.3856    0.2598   0.03213   0.06721   0.05446
    45/299     5.66G   0.03909   0.09578   0.06135    0.1962        13       480    0.3536    0.4925    0.4237    0.2761   0.03211   0.06444   0.05237
    46/299     5.66G    0.0395   0.09291   0.06008    0.1925        28       480    0.3222    0.5095    0.4222    0.2899   0.03079     0.063    0.0534
    47/299     5.66G    0.0383   0.09242   0.05944    0.1901        20       480    0.3241    0.5295    0.4418    0.3015    0.0317   0.06155   0.05242
    48/299     5.66G   0.03902   0.09647    0.0589    0.1944        25       480    0.3143    0.5313     0.451    0.3087   0.02998   0.06249   0.05179
    49/299     5.66G   0.03902   0.09194   0.05795    0.1889        23       480    0.3312    0.5139    0.4634    0.3078   0.03155   0.06234   0.05142
    50/299     5.66G   0.03838   0.09392   0.05732    0.1896        20       480    0.3501    0.5762    0.4862    0.3316   0.03099   0.06147   0.04967
    51/299     5.66G   0.03767   0.09031   0.05754    0.1855        22       480    0.3502    0.5481    0.4829    0.3267   0.03168   0.06247   0.04868
    52/299     5.66G   0.03959   0.09352   0.05634    0.1895        25       480    0.3323    0.5586    0.4949    0.3297   0.03223   0.06263   0.04778
    53/299     5.66G   0.03746   0.09048   0.05588    0.1838        15       480    0.3304    0.5965    0.5253    0.3603   0.03023   0.05913   0.04736
    54/299     5.66G   0.03801   0.09023    0.0548     0.183        15       480    0.3265    0.5913    0.5158    0.3468   0.03111   0.06117   0.04664
    55/299     5.66G    0.0375   0.08625   0.05348    0.1772        15       480    0.3398     0.581    0.5097    0.3422   0.03096   0.06067   0.04694
    56/299     5.66G   0.03739   0.08919   0.05366    0.1802        17       480    0.3407    0.6292    0.5606    0.3871   0.02969   0.06037   0.04456
    57/299     5.66G   0.03831   0.08884   0.05349    0.1806        28       480    0.3498     0.651    0.5601    0.3898   0.02922   0.05881   0.04565
    58/299     5.66G   0.03687   0.08717   0.05227    0.1763        28       480    0.3009    0.6281    0.5445    0.3738   0.02941    0.0602   0.04538
    59/299     5.66G   0.03768   0.08754    0.0516    0.1768        27       480    0.3808    0.6396     0.579    0.3725   0.03093    0.0603   0.04358
    60/299     5.66G   0.03724   0.08645   0.05105    0.1747        10       480    0.3686    0.6214    0.5643    0.3964   0.02935   0.06023    0.0434
    61/299     5.66G   0.03623   0.08811   0.05007    0.1744        22       480    0.3378    0.6731    0.5952    0.4123   0.02899   0.05773   0.04287
    62/299     5.66G   0.03751   0.08779   0.04931    0.1746        24       480    0.3977    0.6123    0.5566    0.3804   0.02994   0.06074    0.0442
    63/299     5.66G   0.03609   0.08815   0.04934    0.1736        36       480    0.3539     0.646     0.589    0.4053   0.02913   0.05921   0.04233
    64/299     5.66G   0.03633   0.08483   0.04799    0.1692        30       480    0.3525    0.6441    0.5823    0.4081   0.02924   0.05942   0.04257
    65/299     5.66G   0.03592   0.08585   0.04791    0.1697        30       480    0.3955    0.6756    0.6175    0.4269   0.02974   0.06117   0.04015
    66/299     5.66G   0.03578   0.08443   0.04693    0.1672        38       480    0.3937    0.6579     0.602    0.4229   0.02869   0.05871   0.04175
    67/299     5.66G   0.03594   0.08954   0.04704    0.1725         7       480    0.3801    0.6902    0.6383    0.4403   0.02921   0.05785   0.03881
    68/299     5.66G   0.03564   0.08549   0.04624    0.1674        30       480     0.392    0.6963    0.6321    0.4353   0.02837   0.05869   0.03985
    69/299     5.66G   0.03602   0.08386   0.04491    0.1648        32       480    0.3936    0.6735    0.6316    0.4484    0.0284   0.05872   0.03923
    70/299     5.66G   0.03583   0.08371   0.04543     0.165        15       480    0.3743    0.6902     0.643    0.4478   0.02792   0.05688    0.0397
    71/299     5.66G   0.03483   0.08155   0.04388    0.1603        20       480    0.4035    0.7108    0.6649    0.4664   0.02849   0.05707    0.0372
    72/299     5.66G   0.03453   0.08262   0.04408    0.1612        19       480    0.3866    0.7336    0.6734    0.4756   0.02819   0.05588   0.03572
    73/299     5.66G   0.03552     0.085   0.04344     0.164        28       480    0.4079    0.7056    0.6633    0.4757   0.02781    0.0564   0.03719
    74/299     5.66G   0.03519   0.08169   0.04349    0.1604        25       480      0.41    0.7053     0.665    0.4676   0.02846    0.0566   0.03717
    75/299     5.66G    0.0344   0.08368   0.04166    0.1597        31       480    0.4131    0.7243    0.6741    0.4848   0.02811   0.05642   0.03658
    76/299     5.66G   0.03463   0.08394   0.04136    0.1599        29       480    0.4141    0.7095     0.661    0.4776    0.0276   0.05619   0.03709
    77/299     5.66G    0.0349   0.08078   0.04181    0.1575        12       480    0.4127    0.7479    0.6912    0.4844   0.02782   0.05674   0.03531
    78/299     5.66G   0.03372   0.08086   0.04029    0.1549        30       480    0.4086    0.7343    0.6816    0.4932   0.02649   0.05597   0.03646
    79/299     5.66G   0.03487   0.08239   0.04052    0.1578        44       480      0.43    0.7802    0.7233    0.5173   0.02684   0.05467   0.03392
    80/299     5.66G    0.0346    0.0802   0.03972    0.1545        18       480    0.4725    0.7248    0.6988    0.5083   0.02694   0.05717   0.03396
    81/299     5.66G   0.03367   0.08197   0.03888    0.1545        31       480    0.4587    0.7383    0.7059    0.5024   0.02665   0.05624   0.03424
    82/299     5.66G   0.03401   0.08128   0.03869     0.154        17       480    0.4256    0.7642    0.7181    0.5134   0.02679   0.05553   0.03275
    83/299     5.66G   0.03361   0.08153   0.03916    0.1543        26       480     0.443     0.664    0.6355    0.4567   0.02735   0.05883   0.03785
    84/299     5.66G   0.03428   0.08041   0.03813    0.1528        23       480    0.4414    0.7465     0.709    0.5062   0.02766   0.05755   0.03345
    85/299     5.66G    0.0333   0.08075   0.03767    0.1517        22       480    0.4658    0.7356      0.71    0.5083   0.02637   0.05717   0.03249
    86/299     5.66G   0.03443   0.08231   0.03847    0.1552        47       480    0.4878    0.7557    0.7305    0.5225   0.02678   0.05621   0.03099
    87/299     5.66G   0.03241   0.07846   0.03534    0.1462        10       480    0.4878    0.7371    0.7245     0.509     0.028   0.05656   0.03143
    88/299     5.66G   0.03334   0.07917   0.03582    0.1483        20       480    0.4804    0.7627    0.7413    0.5328   0.02691   0.05679   0.03155
    89/299     5.66G    0.0326   0.07792   0.03619    0.1467        28       480     0.458    0.7608    0.7298    0.5368   0.02569   0.05458    0.0317
    90/299     5.66G   0.03253   0.07799   0.03607    0.1466        38       480    0.4451    0.7835    0.7484    0.5405   0.02638   0.05483   0.03024
    91/299     5.66G   0.03239    0.0784   0.03535    0.1461        24       480    0.4579    0.7441    0.7247    0.5248   0.02649   0.05536   0.03214
    92/299     5.66G   0.03298   0.07417   0.03463    0.1418        24       480    0.4708    0.7701    0.7467    0.5445   0.02609   0.05524   0.03014
    93/299     5.66G   0.03233   0.07703   0.03409    0.1435         9       480    0.5074    0.7317    0.7202    0.5215   0.02646   0.05616   0.03196
    94/299     5.66G   0.03279   0.07767    0.0348    0.1453        16       480    0.4664    0.7801    0.7509    0.5516   0.02556   0.05354   0.03034
    95/299     5.66G   0.03216   0.07577   0.03405     0.142        10       480    0.5058    0.7694      0.75    0.5497   0.02595   0.05506   0.02834
    96/299     5.66G   0.03238   0.07639   0.03388    0.1427        32       480    0.4872      0.78    0.7646    0.5612   0.02616   0.05383   0.02935
    97/299     5.66G   0.03189    0.0754   0.03286    0.1402        14       480     0.507    0.7757    0.7555    0.5531   0.02616   0.05456   0.02879
    98/299     5.66G   0.03202   0.07847   0.03241    0.1429        36       480    0.4655    0.7873    0.7587    0.5591   0.02561   0.05403   0.02926
    99/299     5.66G   0.03103    0.0746   0.03257    0.1382        19       480     0.508    0.7497    0.7384    0.5427   0.02585    0.0572   0.03001
   100/299     5.66G   0.03205   0.07505   0.03237    0.1395        38       480       0.5    0.7712    0.7528    0.5547   0.02523   0.05525   0.02889
   101/299     5.66G   0.03084   0.07448   0.03076    0.1361        16       480    0.4842    0.7896    0.7593    0.5493    0.0259   0.05427   0.02959
   102/299     5.66G   0.03177   0.07519   0.03069    0.1377        18       480    0.5196    0.7633    0.7476    0.5416   0.02591   0.05557   0.02809
   103/299     5.66G   0.03061   0.07479   0.03088    0.1363        16       480    0.5167    0.7814    0.7667    0.5606   0.02549   0.05375   0.02682
   104/299     5.66G   0.03182   0.07374   0.03058    0.1361        41       480    0.5088    0.7749    0.7608    0.5543   0.02609   0.05562   0.02785
   105/299     5.66G   0.03045   0.07128   0.03016    0.1319        15       480    0.4938    0.7709      0.75    0.5453   0.02588   0.05588   0.02893
   106/299     5.66G    0.0311   0.07298   0.02982    0.1339        12       480    0.5029    0.7855    0.7706    0.5647   0.02553   0.05435   0.02758
   107/299     5.66G   0.03001   0.07066   0.02901    0.1297        16       480    0.4782     0.792    0.7684    0.5689   0.02507    0.0536   0.02809
   108/299     5.66G   0.03099   0.07253   0.02867    0.1322        20       480    0.5254    0.7785    0.7688     0.575   0.02536   0.05441   0.02897
   109/299     5.66G   0.03107    0.0731   0.02862    0.1328        46       480    0.5289    0.7783    0.7676    0.5702   0.02508   0.05365   0.02781
   110/299     5.66G   0.03098   0.07391   0.02972    0.1346        21       480     0.499     0.801    0.7835    0.5777   0.02481   0.05308   0.02675
   111/299     5.66G   0.03059   0.07309   0.02901    0.1327        13       480    0.5522     0.774    0.7665    0.5666   0.02533   0.05503    0.0281
   112/299     5.66G   0.03029   0.07242   0.02836    0.1311        22       480    0.5122    0.7801    0.7706    0.5705     0.025   0.05521   0.02718
   113/299     5.66G   0.02982    0.0709    0.0282    0.1289        20       480    0.5461    0.7842    0.7786    0.5773   0.02528    0.0551   0.02635
   114/299     5.66G   0.03031   0.07255   0.02779    0.1307        23       480    0.5089    0.8015    0.7885    0.5842   0.02483   0.05189   0.02565
   115/299     5.66G   0.03032    0.0719   0.02713    0.1293        13       480     0.541    0.7961    0.7855    0.5825   0.02514   0.05367   0.02603
   116/299     5.66G   0.03004    0.0694   0.02783    0.1273        24       480    0.5205    0.7912     0.783    0.5827    0.0248    0.0536   0.02658
   117/299     5.66G   0.02907   0.06998   0.02719    0.1262        27       480    0.5201    0.8071    0.7858     0.586   0.02481   0.05315    0.0254
   118/299     5.66G   0.02924   0.06811   0.02592    0.1233        26       480    0.5538    0.7942    0.7812    0.5812   0.02503   0.05331   0.02538
   119/299     5.66G   0.02957   0.07043   0.02739    0.1274        17       480    0.5292    0.8172     0.793    0.5894   0.02495   0.05312   0.02512
   120/299     5.66G   0.02925   0.06718   0.02656     0.123         8       480    0.5004    0.7664    0.7484    0.5583   0.02501   0.05428    0.0292
   121/299     5.66G   0.02939   0.07156   0.02589    0.1268        34       480     0.534    0.8163     0.795    0.5923   0.02467   0.05215   0.02567
   122/299     5.66G   0.02886   0.06936   0.02604    0.1243        25       480    0.5276    0.8005    0.7839    0.5842   0.02417   0.05249   0.02662
   123/299     5.66G   0.02934   0.07073   0.02546    0.1255        23       480    0.5615    0.8052    0.7947    0.5891   0.02458   0.05303   0.02563
   124/299     5.66G   0.02858   0.06868   0.02458    0.1218        20       480    0.5133    0.8235     0.802    0.5989   0.02418   0.05276   0.02513
   125/299     5.66G   0.02906    0.0698   0.02497    0.1238        16       480     0.547    0.7708    0.7712    0.5747   0.02473   0.05516   0.02705
   126/299     5.66G   0.02809   0.06745   0.02479    0.1203        21       480    0.5452    0.8056    0.7985    0.5936   0.02447    0.0531   0.02551
   127/299     5.66G   0.02882   0.06684   0.02456    0.1202         9       480    0.5898    0.8077    0.8051     0.601   0.02397   0.05334   0.02424
   128/299     5.66G    0.0284   0.06887    0.0243    0.1216        12       480      0.56    0.8205     0.806    0.5999   0.02407   0.05281    0.0244
   129/299     5.66G   0.02835   0.06968   0.02466    0.1227        19       480    0.5401    0.8236    0.8008    0.5961   0.02424   0.05254   0.02535
   130/299     5.66G   0.02917   0.06889   0.02352    0.1216        39       480    0.5573    0.8003    0.7937    0.5885   0.02394   0.05443   0.02449
   131/299     5.66G   0.02831   0.06942   0.02379    0.1215        28       480    0.5868    0.8075    0.8034    0.5917   0.02492   0.05382   0.02427
   132/299     5.66G   0.02833   0.06623   0.02402    0.1186        14       480    0.5616    0.8072    0.7998     0.609   0.02384   0.05216   0.02486
   133/299     5.66G   0.02806   0.06863   0.02415    0.1208        31       480     0.539    0.8206    0.8088    0.6129    0.0233   0.05156   0.02543
   134/299     5.66G    0.0279   0.06749   0.02371    0.1191        27       480    0.5766    0.8077    0.8021    0.5966   0.02407   0.05378   0.02432
   135/299     5.66G   0.02803   0.06679   0.02307    0.1179        24       480    0.5343    0.8189    0.8049    0.6063   0.02394    0.0524   0.02423
   136/299     5.66G   0.02758   0.06502   0.02292    0.1155         9       480    0.5643     0.821    0.8139    0.6153   0.02375   0.05186   0.02402
   137/299     5.66G    0.0275     0.068   0.02281    0.1183        29       480    0.5593    0.8169    0.8087    0.6147   0.02406   0.05166   0.02445
   138/299     5.66G    0.0275    0.0643   0.02283    0.1146        23       480    0.5707    0.8048    0.8044    0.6115   0.02406   0.05237   0.02465
   139/299     5.66G   0.02787   0.06528   0.02247    0.1156        32       480    0.5682     0.809     0.807    0.6023   0.02433   0.05241   0.02549
   140/299     5.66G   0.02781   0.06557   0.02252    0.1159        13       480    0.5672    0.8164    0.8101    0.6105   0.02393   0.05171   0.02375
   141/299     5.66G   0.02743    0.0651   0.02198    0.1145        17       480    0.5704    0.8228     0.811    0.6164     0.024   0.05233    0.0236
   142/299     5.66G   0.02703    0.0654   0.02147    0.1139        19       480    0.5823    0.8039     0.803    0.6027   0.02439   0.05398   0.02351
   143/299     5.66G   0.02728   0.06463   0.02241    0.1143        15       480    0.5649    0.8065    0.7996    0.6049   0.02399   0.05439   0.02391
   144/299     5.66G   0.02736   0.06479    0.0218    0.1139        21       480    0.5776    0.8042    0.8019      0.61   0.02431   0.05359   0.02414
   145/299     5.66G   0.02692   0.06513   0.02189    0.1139        36       480    0.5827    0.8298    0.8146    0.6244   0.02294   0.05152   0.02322
   146/299     5.66G   0.02755   0.06615   0.02069    0.1144        24       480    0.5773    0.8267     0.817    0.6194   0.02386   0.05185   0.02334
   147/299     5.66G   0.02682   0.06425   0.02075    0.1118        25       480    0.5721    0.8269    0.8117    0.6177   0.02331    0.0518   0.02331
   148/299     5.66G   0.02644    0.0644    0.0215    0.1123        17       480    0.6044    0.8109    0.8086    0.6068   0.02392   0.05358   0.02347
   149/299     5.66G   0.02724   0.06458   0.02047    0.1123        11       480    0.5588    0.8286    0.8183    0.6233    0.0234    0.0518    0.0235
   150/299     5.66G   0.02646    0.0662   0.02112    0.1138        36       480    0.5715    0.8073    0.8077    0.6177    0.0236   0.05198   0.02394
   151/299     5.66G   0.02612   0.06204   0.02016    0.1083        25       480    0.5711    0.8166    0.8066    0.6164   0.02337   0.05286   0.02384
   152/299     5.66G   0.02656   0.06374   0.02074     0.111        25       480    0.5514     0.816    0.8147    0.6223   0.02287     0.052   0.02359
   153/299     5.66G   0.02599   0.06355   0.02034    0.1099        29       480    0.5656    0.8228    0.8084    0.6109   0.02359    0.0531   0.02362
   154/299     5.66G    0.0264   0.06331   0.01988    0.1096        11       480    0.5539     0.819    0.8122    0.6211   0.02349   0.05146   0.02356
   155/299     5.66G   0.02552   0.06384   0.02053    0.1099        37       480     0.581     0.815    0.8072    0.6175   0.02342   0.05276   0.02303
   156/299     5.66G   0.02623   0.06221   0.01969    0.1081        28       480    0.5898    0.8187    0.8217    0.6286   0.02341   0.05296   0.02242
   157/299     5.66G    0.0259   0.06468   0.01943      0.11        18       480    0.5494    0.8288    0.8139    0.6221   0.02369    0.0521   0.02298
   158/299     5.66G   0.02606   0.06078   0.02003    0.1069        19       480    0.5913    0.8127    0.8155    0.6206   0.02375   0.05266   0.02381
   159/299     5.66G   0.02593   0.06388   0.01983    0.1096        11       480    0.5833    0.8214    0.8174    0.6179    0.0236   0.05251    0.0228
   160/299     5.66G    0.0253   0.06086   0.01905    0.1052        16       480    0.5946    0.8187    0.8154    0.6219   0.02333   0.05242   0.02245
   161/299     5.66G   0.02634    0.0633   0.01986    0.1095        23       480    0.5774    0.8302    0.8192    0.6291   0.02347   0.05112   0.02325
   162/299     5.66G   0.02524   0.06215    0.0195    0.1069        32       480    0.5852     0.819    0.8148     0.623   0.02327   0.05267   0.02253
   163/299     5.66G    0.0245   0.06145   0.01884    0.1048        28       480    0.6003    0.8207    0.8112    0.6199   0.02382   0.05355   0.02213
   164/299     5.66G   0.02592   0.06209   0.01924    0.1072        22       480    0.5956    0.8244    0.8142    0.6238   0.02355   0.05322   0.02268
   165/299     5.66G   0.02509   0.06209   0.01892    0.1061        15       480    0.5636    0.8266    0.8115    0.6236   0.02332   0.05204   0.02336
   166/299     5.66G    0.0255   0.06082   0.01853    0.1048        30       480    0.5902    0.8225    0.8182    0.6216   0.02305   0.05308   0.02263
   167/299     5.66G   0.02545   0.06206   0.01875    0.1063        30       480    0.6002     0.811    0.8118    0.6246   0.02291    0.0522   0.02314
   168/299     5.66G   0.02462   0.05982   0.01842    0.1029        32       480    0.5967    0.8237    0.8185    0.6327   0.02295   0.05229   0.02231
   169/299     5.66G   0.02479   0.06036   0.01899    0.1041        19       480    0.5978    0.8205    0.8233    0.6317    0.0234   0.05251   0.02213
   170/299     5.66G   0.02496   0.06268   0.01818    0.1058        25       480    0.6058      0.83    0.8277    0.6352    0.0233   0.05202    0.0223
   171/299     5.66G   0.02496   0.06014   0.01874    0.1038        12       480    0.6028    0.8204    0.8243    0.6338   0.02304   0.05168   0.02234
   172/299     5.66G   0.02515   0.05935   0.01819    0.1027        22       480    0.5892    0.8224    0.8198    0.6355   0.02316   0.05171    0.0231
   173/299     5.66G   0.02446   0.06088   0.01807    0.1034        41       480    0.5908    0.8279    0.8258    0.6375   0.02263   0.05158   0.02222
   174/299     5.66G   0.02481   0.06104   0.01761    0.1035        39       480    0.6153    0.8312    0.8222    0.6348   0.02327   0.05229   0.02209
   175/299     5.66G   0.02447   0.05997   0.01728    0.1017        14       480    0.5971    0.8332    0.8245    0.6395   0.02321   0.05226   0.02151
   176/299     5.66G   0.02395    0.0589   0.01725    0.1001        19       480    0.6094    0.8337    0.8299    0.6414    0.0229    0.0521   0.02127
   177/299     5.66G   0.02435   0.05843    0.0165   0.09928        19       480    0.6013    0.8325    0.8296    0.6407   0.02288   0.05142   0.02111
   178/299     5.66G   0.02464   0.05938   0.01724    0.1013        16       480    0.5848     0.828    0.8174     0.632    0.0226   0.05337   0.02241
   179/299     5.66G   0.02445    0.0596   0.01737    0.1014        15       480    0.6146      0.83    0.8292    0.6442   0.02239   0.05205   0.02193
   180/299     5.66G   0.02402   0.05961   0.01659    0.1002        28       480    0.6254    0.8376    0.8307    0.6414   0.02259   0.05247   0.02159
   181/299     5.66G   0.02405   0.05985   0.01673    0.1006        21       480    0.6151    0.8339    0.8316    0.6436   0.02245   0.05209   0.02107
   182/299     5.66G   0.02353   0.05941   0.01715    0.1001        15       480    0.5963    0.8429    0.8331    0.6517   0.02186   0.05068   0.02227
   183/299     5.66G   0.02345   0.05773    0.0162   0.09738        25       480    0.5918    0.8366    0.8281    0.6421   0.02264   0.05228   0.02156
   184/299     5.66G     0.024   0.06014    0.0166    0.1007        41       480    0.5995      0.83    0.8246     0.641   0.02234   0.05198   0.02116
   185/299     5.66G   0.02366   0.05665   0.01634   0.09666        18       480    0.6008     0.833    0.8271    0.6474   0.02194   0.05192   0.02183
   186/299     5.66G   0.02429   0.05725   0.01711   0.09866        11       480     0.609    0.8333    0.8253    0.6413   0.02249   0.05242   0.02242
   187/299     5.66G   0.02321   0.05854   0.01686   0.09861        19       480    0.6139    0.8315    0.8287    0.6436   0.02251   0.05228   0.02142
   188/299     5.66G   0.02397   0.05945   0.01743    0.1009        13       480    0.6089    0.8219    0.8234    0.6376   0.02266   0.05329   0.02152
   189/299     5.66G   0.02367   0.05796   0.01666    0.0983        13       480    0.5824    0.8413    0.8294    0.6478   0.02234   0.05213   0.02094
   190/299     5.66G     0.023   0.05513   0.01638    0.0945         9       480    0.5908    0.8339    0.8231    0.6459   0.02216   0.05226   0.02174
   191/299     5.66G    0.0234   0.05691   0.01607   0.09638        21       480    0.5908    0.8383    0.8286    0.6444   0.02233   0.05231   0.02098
   192/299     5.66G   0.02305   0.05659   0.01583   0.09548        10       480    0.6059     0.841    0.8319     0.644   0.02241   0.05198   0.02022
   193/299     5.66G   0.02297   0.05838   0.01608   0.09743        14       480    0.6122    0.8359    0.8283    0.6476   0.02241    0.0522   0.02085
   194/299     5.66G   0.02313   0.05783   0.01561   0.09657        13       480     0.613     0.839    0.8324    0.6467    0.0221   0.05258   0.02071
   195/299     5.66G   0.02298   0.05579    0.0163   0.09507        27       480    0.6315     0.834    0.8312    0.6492   0.02238   0.05227   0.02085
   196/299     5.66G   0.02301   0.05807    0.0153   0.09638        17       480    0.6004     0.847    0.8376    0.6605   0.02196   0.05084   0.02055
   197/299     5.66G   0.02283   0.05531   0.01598   0.09412        21       480    0.6181    0.8357    0.8307    0.6543   0.02245   0.05174   0.02087
   198/299     5.66G   0.02299   0.05787    0.0151   0.09596        18       480    0.6107    0.8307     0.829    0.6491   0.02237   0.05174   0.02112
   199/299     5.66G   0.02302   0.05652   0.01511   0.09465        35       480    0.6097    0.8324    0.8283    0.6486    0.0226   0.05268   0.02118
   200/299     5.66G   0.02271   0.05718   0.01492   0.09481        25       480    0.6322    0.8306    0.8246    0.6467   0.02235   0.05319   0.02103
   201/299     5.66G   0.02261   0.05551   0.01529   0.09341         8       480    0.6226    0.8267    0.8256    0.6449   0.02227   0.05332   0.02098
   202/299     5.66G   0.02218   0.05631   0.01544   0.09393        28       480    0.6261    0.8315    0.8315    0.6561   0.02187    0.0522   0.02035
   203/299     5.66G   0.02247   0.05678   0.01531   0.09455        18       480    0.6135    0.8331    0.8299    0.6549   0.02227    0.0523   0.02137
   204/299     5.66G   0.02239   0.05594   0.01515   0.09347        33       480    0.6028    0.8345    0.8319     0.655   0.02204   0.05238   0.02104
   205/299     5.66G    0.0222   0.05596   0.01448   0.09264        21       480     0.611    0.8383    0.8339    0.6605   0.02206   0.05198   0.02128
   206/299     5.66G    0.0221   0.05475   0.01539   0.09223        23       480    0.6106    0.8292    0.8281    0.6563   0.02178   0.05197   0.02143
   207/299     5.66G   0.02258     0.055   0.01475   0.09232        12       480    0.5925    0.8335    0.8294    0.6565   0.02178   0.05219   0.02234
   208/299     5.66G   0.02201   0.05454   0.01426    0.0908        19       480    0.6031    0.8381    0.8324    0.6525    0.0218   0.05233   0.02164
   209/299     5.66G   0.02182   0.05451    0.0147   0.09104        19       480    0.5977    0.8303    0.8282    0.6594   0.02185   0.05264   0.02155
   210/299     5.66G   0.02203   0.05423   0.01463   0.09089        27       480     0.618    0.8339    0.8282    0.6549   0.02196   0.05267   0.02214
   211/299     5.66G   0.02202   0.05722   0.01423   0.09347        26       480    0.6161    0.8344    0.8328    0.6587   0.02185   0.05249   0.02189
   212/299     5.66G   0.02214   0.05684   0.01475   0.09374        38       480    0.6089    0.8402    0.8313    0.6554    0.0219   0.05266   0.02108
   213/299     5.66G   0.02157   0.05263   0.01467   0.08886        17       480     0.609    0.8335    0.8308    0.6582     0.022   0.05279   0.02077
   214/299     5.66G   0.02171   0.05424    0.0144   0.09036        28       480    0.6122    0.8255    0.8277    0.6593   0.02164   0.05219    0.0215
   215/299     5.66G   0.02172   0.05469   0.01457   0.09098        26       480    0.6162    0.8279    0.8264    0.6535   0.02177   0.05316   0.02193
   216/299     5.66G   0.02149   0.05444   0.01434   0.09027        18       480    0.6354    0.8361    0.8317    0.6549   0.02169   0.05279   0.02087
   217/299     5.66G   0.02151   0.05422   0.01491   0.09064        25       480    0.6231    0.8296     0.832    0.6555   0.02197   0.05284   0.02055
   218/299     5.66G   0.02174   0.05441   0.01423   0.09038        41       480    0.6192    0.8337    0.8326    0.6515   0.02183     0.053    0.0214
   219/299     5.66G   0.02143   0.05305   0.01416   0.08864        19       480    0.6387    0.8243    0.8263    0.6546   0.02236   0.05366   0.02204
   220/299     5.66G   0.02166   0.05286   0.01469   0.08921        26       480    0.6175    0.8336    0.8272     0.657   0.02193    0.0532   0.02124
   221/299     5.66G    0.0216   0.05525   0.01417   0.09101        23       480    0.6123    0.8411    0.8352    0.6545   0.02216   0.05309   0.02152
   222/299     5.66G   0.02144   0.05643   0.01469   0.09256        28       480    0.6078    0.8343    0.8284    0.6549   0.02216   0.05329   0.02073
   223/299     5.66G   0.02107    0.0539   0.01423    0.0892        12       480    0.6215    0.8367    0.8337     0.664   0.02188    0.0528   0.02102
   224/299     5.66G   0.02106     0.054   0.01352   0.08858        33       480    0.6171     0.834    0.8309    0.6614   0.02182   0.05252   0.02092
   225/299     5.66G   0.02078   0.05227   0.01351   0.08656        28       480    0.6243    0.8359    0.8321    0.6636   0.02185   0.05243   0.02124
   226/299     5.66G   0.02139   0.05098   0.01355   0.08593        10       480    0.6248    0.8332    0.8311    0.6603   0.02188   0.05351    0.0212
   227/299     5.66G   0.02099   0.05258   0.01364   0.08721         8       480     0.628    0.8351    0.8354      0.66   0.02168   0.05311    0.0198
   228/299     5.66G   0.02138   0.05357   0.01308   0.08803        21       480    0.6245    0.8387    0.8331    0.6589   0.02151   0.05259   0.02021
   229/299     5.66G    0.0205   0.05127   0.01271   0.08448        22       480    0.6099    0.8427    0.8383    0.6622   0.02168   0.05245   0.02103
   230/299     5.66G   0.02138    0.0538   0.01367   0.08885        16       480    0.6166    0.8424    0.8386    0.6627    0.0218   0.05201   0.02118
   231/299     5.66G   0.02073   0.05379   0.01358   0.08809        36       480    0.6282    0.8383    0.8351    0.6614   0.02181   0.05318    0.0212
   232/299     5.66G    0.0209   0.05239   0.01317   0.08645        21       480    0.6239    0.8363    0.8324    0.6574   0.02216   0.05335    0.0205
   233/299     5.66G   0.02054   0.05187   0.01329    0.0857        22       480     0.625    0.8356    0.8351    0.6598   0.02187    0.0536   0.02048
   234/299     5.66G   0.02104   0.05312   0.01292   0.08708        33       480    0.6196     0.836    0.8336    0.6591   0.02209   0.05364    0.0209
   235/299     5.66G   0.02017   0.05006   0.01274   0.08296        15       480    0.6156    0.8378    0.8369     0.668   0.02192   0.05324   0.02055
   236/299     5.66G   0.02081   0.05167   0.01336   0.08584        27       480      0.62    0.8418    0.8407    0.6694   0.02174   0.05236   0.02102
   237/299     5.66G    0.0202   0.05243   0.01283   0.08545        23       480    0.6348    0.8372    0.8364    0.6667   0.02158   0.05269   0.02115
   238/299     5.66G   0.02079   0.05573    0.0129   0.08943        45       480    0.6179    0.8429    0.8396    0.6674   0.02148   0.05249     0.021
   239/299     5.66G      0.02   0.05332   0.01273   0.08606        29       480    0.6387    0.8406    0.8402    0.6651   0.02152   0.05287   0.02092
   240/299     5.66G   0.02047   0.05105   0.01308   0.08459        10       480    0.6313    0.8378    0.8315    0.6624   0.02157   0.05322    0.0214
   241/299     5.66G   0.02025   0.05233   0.01267   0.08525        29       480    0.6338    0.8332    0.8314    0.6647   0.02152   0.05312   0.02142
   242/299     5.66G   0.02056   0.05123   0.01198   0.08376        14       480    0.6323    0.8379    0.8358    0.6644   0.02182    0.0529   0.02132
   243/299     5.66G   0.02056   0.05033   0.01239   0.08328        20       480    0.6421    0.8293    0.8315    0.6626   0.02181   0.05316   0.02055
   244/299     5.66G   0.02043   0.05217     0.013    0.0856        16       480    0.6319    0.8277    0.8323    0.6667   0.02183   0.05322   0.02019
   245/299     5.66G   0.02038   0.05275   0.01277   0.08591        17       480    0.6384    0.8357    0.8372     0.669   0.02186   0.05299   0.02019
   246/299     5.66G   0.02013   0.05097   0.01321   0.08431        19       480    0.6387     0.842    0.8389    0.6672   0.02167   0.05377   0.02085
   247/299     5.66G   0.01974   0.05127   0.01266   0.08367        33       480    0.6256    0.8458    0.8389    0.6686   0.02135   0.05331   0.02135
   248/299     5.66G    0.0201   0.05051   0.01239     0.083        36       480    0.6517    0.8345    0.8378    0.6679   0.02139   0.05312   0.02077
   249/299     5.66G   0.01971   0.05043   0.01262   0.08275        30       480    0.6407    0.8406    0.8385    0.6689   0.02134   0.05295   0.02044
   250/299     5.66G   0.02033   0.04998   0.01323   0.08354        23       480    0.6431    0.8368    0.8349    0.6663   0.02166   0.05321   0.02011
   251/299     5.66G   0.01963   0.05041   0.01261   0.08265        13       480    0.6377      0.84    0.8365    0.6688    0.0214   0.05365   0.02019
   252/299     5.66G   0.02013   0.05063   0.01269   0.08345        17       480    0.6302     0.836     0.836     0.668   0.02144   0.05346   0.02032
   253/299     5.66G   0.01925   0.04952   0.01184   0.08061        20       480    0.6407      0.84    0.8376    0.6663   0.02171    0.0542    0.0202
   254/299     5.66G    0.0199   0.05347     0.012   0.08537        37       480    0.6285    0.8455    0.8397    0.6676    0.0215    0.0531   0.01975
   255/299     5.66G   0.01954   0.04915   0.01241    0.0811        25       480    0.6561    0.8438    0.8401    0.6657   0.02152   0.05413   0.01933
   256/299     5.66G   0.01965   0.05117   0.01202   0.08284        23       480    0.6519    0.8456    0.8424     0.667   0.02146   0.05292   0.01976
   257/299     5.66G    0.0193   0.04888   0.01197   0.08015        23       480    0.6483    0.8422    0.8422    0.6715    0.0214   0.05293   0.02003
   258/299     5.66G   0.01955   0.04939   0.01193   0.08088        23       480    0.6551    0.8425    0.8427      0.67   0.02168   0.05423   0.02069
   259/299     5.66G   0.01969   0.05027   0.01201   0.08197        23       480    0.6513    0.8406    0.8425    0.6681   0.02175   0.05388   0.02057
   260/299     5.66G   0.01993   0.05047   0.01264   0.08303        30       480    0.6417    0.8393    0.8384    0.6662   0.02186   0.05389   0.02075
   261/299     5.66G   0.01885   0.04985   0.01161   0.08031        34       480    0.6337    0.8429    0.8419    0.6737   0.02194   0.05332   0.02015
   262/299     5.66G   0.01984   0.05063   0.01215   0.08262        15       480    0.6457     0.842    0.8429    0.6747    0.0217   0.05357   0.02019
   263/299     5.66G   0.01939   0.05028   0.01184   0.08151        32       480    0.6469    0.8353    0.8393    0.6712   0.02171   0.05419   0.02002
   264/299     5.66G   0.01955   0.05048   0.01181   0.08185        18       480      0.66    0.8402    0.8417     0.669   0.02167   0.05449    0.0193
   265/299     5.66G   0.01908    0.0497    0.0121   0.08088        21       480    0.6539    0.8441    0.8404    0.6696   0.02158    0.0541   0.01928
   266/299     5.66G   0.01938   0.04976    0.0118   0.08094        23       480    0.6451    0.8371    0.8353    0.6683   0.02154   0.05417   0.01962
   267/299     5.66G   0.01927   0.04863   0.01181   0.07971        17       480    0.6521    0.8326    0.8346    0.6639   0.02192   0.05497   0.01932
   268/299     5.66G   0.01977   0.04888   0.01209   0.08074        24       480    0.6447    0.8376     0.838    0.6667   0.02178   0.05418   0.01929
   269/299     5.66G   0.01904   0.04832    0.0121   0.07947        26       480    0.6558    0.8384    0.8352    0.6686   0.02194   0.05465   0.01956
   270/299     5.66G   0.01903   0.04799   0.01195   0.07898        17       480    0.6388    0.8444      0.84    0.6725   0.02172   0.05396   0.01995
   271/299     5.66G   0.01936   0.04901   0.01235   0.08072        32       480    0.6617    0.8367    0.8379    0.6689   0.02191   0.05452   0.01964
   272/299     5.66G   0.01911   0.04872   0.01242   0.08025        24       480    0.6525    0.8365    0.8368    0.6713   0.02163   0.05437   0.01985
   273/299     5.66G   0.01925   0.04834   0.01164   0.07923        24       480    0.6523    0.8398     0.838    0.6722   0.02158   0.05367   0.01978
   274/299     5.66G   0.01886   0.04769   0.01208   0.07863        12       480    0.6453    0.8353    0.8381    0.6701   0.02165   0.05395   0.01982
   275/299     5.66G   0.01896    0.0494   0.01182   0.08017        25       480    0.6353    0.8361    0.8405    0.6692   0.02166   0.05357   0.01959
   276/299     5.66G   0.01882   0.04929   0.01127   0.07938        18       480    0.6419    0.8406    0.8433    0.6717   0.02145   0.05299   0.01959
   277/299     5.66G   0.01856   0.04777    0.0112   0.07753        18       480    0.6552    0.8344    0.8367    0.6683   0.02151   0.05456    0.0191
   278/299     5.66G   0.01945   0.04881   0.01132   0.07958        14       480    0.6461    0.8295    0.8337    0.6678   0.02152   0.05456   0.01942
   279/299     5.66G   0.01871   0.04818   0.01182    0.0787        39       480    0.6428    0.8458    0.8428     0.673   0.02123   0.05379   0.01934
   280/299     5.66G   0.01873   0.04704   0.01197   0.07774        17       480    0.6444     0.842    0.8435    0.6755   0.02122    0.0536   0.01929
   281/299     5.66G   0.01915   0.04826   0.01185   0.07925        19       480    0.6547    0.8328    0.8367    0.6705   0.02151   0.05413   0.01924
   282/299     5.66G   0.01895    0.0477   0.01199   0.07864        18       480    0.6461    0.8377    0.8387    0.6737   0.02113   0.05472   0.01871
   283/299     5.66G   0.01891   0.04756     0.012   0.07847        15       480    0.6473    0.8436    0.8421    0.6745   0.02115   0.05424   0.01923
   284/299     5.66G   0.01902   0.04895   0.01173    0.0797        17       480    0.6308    0.8433    0.8414    0.6758   0.02105   0.05302    0.0189
   285/299     5.66G    0.0185   0.04728   0.01096   0.07674        22       480    0.6416    0.8426    0.8447    0.6777   0.02102   0.05303   0.01897
   286/299     5.66G   0.01853   0.04752    0.0105   0.07654        14       480     0.634    0.8465    0.8457    0.6768   0.02119   0.05304   0.01954
   287/299     5.66G   0.01885   0.04841   0.01166   0.07891        24       480    0.6465    0.8402    0.8404    0.6736   0.02128    0.0545    0.0197
   288/299     5.66G   0.01903   0.04827   0.01154   0.07885        17       480    0.6438    0.8453    0.8425    0.6717   0.02117   0.05426   0.01992
   289/299     5.66G   0.01843   0.04788   0.01088   0.07718        13       480    0.6435    0.8315    0.8397    0.6713   0.02133   0.05492      0.02
   290/299     5.66G   0.01868   0.04813   0.01099    0.0778        38       480    0.6518    0.8392    0.8399    0.6691   0.02134   0.05473   0.01987
   291/299     5.66G   0.01897   0.04734   0.01163   0.07795        16       480    0.6427    0.8447    0.8371      0.67   0.02109   0.05458   0.01968
   292/299     5.66G   0.01865   0.04638   0.01088   0.07591        24       480     0.655    0.8381    0.8377      0.67   0.02102   0.05465   0.01929
   293/299     5.66G   0.01882   0.04768   0.01136   0.07787        13       480    0.6575    0.8462    0.8388     0.669   0.02125    0.0547   0.01936
   294/299     5.66G   0.01855   0.04877   0.01125   0.07857        44       480    0.6625    0.8468    0.8413    0.6745   0.02125   0.05446   0.01936
   295/299     5.66G   0.01817   0.04741   0.01103   0.07661        34       480    0.6566    0.8478    0.8427    0.6762   0.02139   0.05396   0.01943
   296/299     5.66G    0.0188   0.04808   0.01103   0.07791        26       480    0.6398    0.8501     0.845    0.6753   0.02117     0.054   0.01922
   297/299     5.66G   0.01831    0.0468    0.0109   0.07602        10       480    0.6584    0.8438    0.8425    0.6734   0.02134   0.05482   0.01934
   298/299     5.66G   0.01856   0.04785   0.01084   0.07725        32       480    0.6494    0.8393    0.8403    0.6727   0.02146   0.05488   0.01975
   299/299     5.66G   0.01847   0.04645   0.01151   0.07642        22       480    0.6483    0.8365    0.8384    0.6696   0.02131   0.05489   0.01989
